188698 498613 3418 81 31394 173 7 0 1 0 0 30369 260 6 0 0 0 0 1270 21 11 3 0 0 1 0 0 0 0 0 0 0 0 0 0 0 0 0 0 0 0 0 0 0 0 0 0 0
791 104730 423240 2872 39339 1601 16 3 0 0 0 39694 1563 22 2 0 0 0 2103 56 18 19 3 0 4 0 0 0 0 0 0 0 0 0 0 1 5 0 0 0 0 0 0 0 0 1 0 0
1 1338 93085 355673 18627 45 4 0 6 3 0 18895 54 5 0 2 1 0 33781 168 32 16 5 0 494 0 3 1 0 0 0 0 0 0 0 0 459 1 3 0 1 0 0 0 0 1 0 0
0 12 2074 83642 126 13 4 6 1 0 0 112 11 9 1 1 0 0 346369 3770 93 21 15 0 18 0 1 0 0 0 0 0 0 0 0 0 13 0 0 2 0 0 0 0 0 0 0 0
2 8 22 99 112390 131161 1918 32 4 6 0 0 0 0 0 0 0 0 14338 35 5 3 2 0 205 0 2 0 4 0 11 0 2 0 2 0 0 0 0 0 0 0 0 0 0 0 0 0
0 3 2 7 172 110458 127971 1968 32 9 9 0 0 0 0 0 0 0 4446 19 11 1 0 0 9824 0 130 0 1 0 12 0 9 0 1 0 0 0 0 0 0 0 0 0 0 0 0 0
0 0 0 1 6 99 108532 125332 1887 33 25 0 0 0 0 0 0 0 673 17 4 0 0 0 6846 1 6304 0 67 0 0 0 22 0 7 0 0 0 0 0 0 0 0 0 0 0 0 0
0 0 0 0 0 8 92 86458 114047 1757 26 0 0 0 0 0 0 0 242 3 3 0 0 0 303 1 10560 0 647 0 4 0 7 0 18 0 0 0 0 0 0 0 0 0 0 0 0 0
0 0 0 0 0 0 3 65 67617 99256 1771 0 0 0 0 0 0 0 132 2 0 0 0 0 88 3 474 4 13423 2 263 0 4 0 3 0 0 0 0 0 0 0 0 0 0 0 0 0
0 0 0 0 0 0 0 4 41 48371 86760 0 0 0 0 0 0 0 43 24 11 1 1 0 13 0 103 3 1116 0 10473 1 200 0 59 1 0 0 0 0 0 0 0 0 0 0 0 0
0 0 0 0 0 0 0 0 2 25 35584 0 0 0 0 0 0 0 3 3 0 0 0 0 22 2 0 0 110 33 3594 0 12844 0 10588 0 0 0 0 0 0 0 0 0 0 1 0 0
7 10 23 70 0 0 0 0 0 0 0 112670 130974 2015 39 3 2 1 14362 36 5 2 1 0 0 0 0 0 0 0 0 0 0 0 0 0 206 1 3 0 0 0 4 0 1 0 4 0
0 1 3 4 0 0 0 0 0 0 0 164 110189 127703 1845 39 9 7 4419 29 4 1 2 0 0 0 0 0 0 0 0 0 0 0 0 0 9923 0 133 0 1 0 15 0 9 0 1 0
0 0 0 0 0 0 0 0 0 0 0 10 118 108163 124977 1955 21 17 641 13 2 2 0 0 0 0 0 0 0 0 0 0 0 0 0 0 6922 2 6347 0 63 0 0 0 14 0 6 0
0 0 0 0 0 0 0 0 0 0 0 0 10 89 85985 113339 1747 21 245 6 2 3 0 0 0 0 0 0 0 0 0 0 0 0 0 0 323 1 10684 0 698 1 6 0 6 0 11 0
0 0 0 0 0 0 0 0 0 0 0 0 0 1 67 66655 98867 1780 137 2 0 0 0 0 0 0 0 0 0 0 0 0 0 0 0 0 122 2 448 2 13077 0 291 1 3 1 3 0
0 0 0 0 0 0 0 0 0 0 0 0 0 0 4 30 48135 86336 33 38 12 4 0 0 0 0 0 0 0 0 0 0 0 0 0 0 18 0 141 9 1185 0 10307 0 195 0 83 2
0 0 0 0 0 0 0 0 0 0 0 0 0 0 0 1 23 35622 1 5 0 0 0 1 0 0 0 0 0 0 0 0 0 0 0 0 21 0 0 0 150 31 3592 0 12788 1 10352 0
2 3 8 328 25 34 39 45 33 8 0 19 29 35 42 29 8 2 102596 397299 3008 34 238 7 27427 19 243 6 2 0 1 0 3 1 3 0 27496 21 231 4 7 1 5 0 1 2 2 5
0 1 2 70 10 7 12 4 6 14 0 5 4 8 11 4 7 0 524 96756 334309 2068 623 32 29259 83 253 44 32 6 3 2 1 20 0 98 29078 96 288 44 35 9 8 13 4 63 0 197
1 0 1 41 2 4 3 2 4 55 1 3 3 5 1 0 31 0 14 539 86610 256807 2372 70 24824 569 238 3783 224 101 6 30 0 432 2 1414 23782 596 245 3872 109 116 6 243 0 1137 0 1476
0 0 0 0 0 0 0 0 0 2 1 0 0 1 0 0 2 5 0 2 776 66153 191628 1959 993 16607 187 2046 2 12 0 102 0 353 0 323 1030 16928 202 2068 1 76 0 266 0 336 0 225
0 0 0 0 0 0 0 0 0 0 14 0 0 0 0 0 0 15 0 0 0 40 41451 140055 726 12491 308 19 2 26 0 11 0 5 0 0 700 12849 297 14 3 24 1 25 0 2 0 4
0 0 0 0 0 0 0 0 0 0 0 0 0 0 0 0 0 0 0 0 0 2 0 32977 19 89 5 1 0 2 0 0 0 1 0 0 21 107 10 2 0 0 0 1 0 0 0 0
0 0 0 0 0 0 0 5 4 104 21 0 0 0 0 0 1 0 9 44 149 215 193 43 12048 0 77426 9355 829 6444 75 315 29 44 8 102 69 19 3 0 2 0 2 2 1 9 0 11
0 0 0 0 0 0 0 0 0 0 51 0 0 0 0 0 0 0 0 0 0 3 3 82 0 9452 653 10321 68 20 1 4 0 7 0 4 5 51 1 0 0 1 0 1 0 0 0 0
0 0 0 0 0 0 0 0 3 6 0 0 0 0 0 0 1 0 2 4 8 8 32 5 165 129 11069 0 73711 7299 570 6744 33 701 4 210 37 8 2 0 0 0 0 1 0 8 0 10
0 0 0 0 0 0 0 0 0 0 0 0 0 0 0 0 0 0 0 0 2 7 0 3 8 36 0 8170 469 9207 13 1 1 1 0 1 1 28 2 1 0 0 0 0 0 0 0 0
0 0 0 0 0 0 0 0 0 0 2 0 0 0 0 0 0 0 1 1 2 1 4 2 7 49 116 127 10340 0 71234 6247 559 6905 16 839 29 1 1 0 2 0 0 2 0 7 0 5
0 0 0 0 0 0 0 0 0 0 0 0 0 0 0 0 0 0 0 0 1 6 1 1 1 0 6 26 0 7358 40 9673 7 0 1 0 0 8 1 2 0 0 0 0 0 0 0 0
0 0 0 0 0 0 0 0 0 0 1 0 0 0 0 0 0 0 1 2 3 0 0 0 3 0 5 33 78 116 9830 0 68881 5586 535 6835 14 2 0 1 0 0 0 0 0 1 0 7
0 0 0 0 0 0 0 0 0 0 0 0 0 0 0 0 0 0 0 0 1 2 1 0 0 0 0 0 3 9 0 7296 9 10026 2 5 2 1 0 0 0 0 0 0 0 0 0 0
0 0 0 0 0 0 0 0 0 0 0 0 0 0 0 0 0 0 0 0 0 0 0 0 0 0 1 0 2 15 47 76 9234 0 68535 3791 3 0 0 0 0 1 0 0 0 0 0 0
0 0 0 0 0 0 0 0 0 0 0 0 0 0 0 0 0 0 0 0 0 0 0 0 0 0 0 0 1 0 1 5 0 7372 5 12157 0 0 0 0 0 0 0 0 0 0 0 0
0 0 0 0 0 0 0 0 0 0 0 0 0 0 0 0 0 0 0 0 0 0 0 0 0 0 0 0 0 0 0 0 2 0 8703 0 0 0 0 0 0 0 0 0 0 0 0 0
0 0 0 0 0 0 0 0 0 0 0 0 0 0 0 0 0 0 0 0 4 0 0 0 0 0 0 0 0 0 0 0 1 1 0 7276 0 0 0 0 0 0 0 0 0 0 0 0
0 0 0 0 0 0 0 0 0 1 1 0 0 0 3 4 83 18 4 50 165 209 201 50 77 9 3 0 4 0 0 1 3 4 0 5 11715 0 77509 9541 604 6478 49 298 23 48 8 95
0 0 0 0 0 0 0 0 0 0 0 0 0 0 0 0 0 37 0 0 1 8 6 81 6 41 2 1 0 0 0 0 0 0 0 0 0 9906 741 10459 53 23 0 6 0 5 0 6
0 0 0 0 0 0 0 0 0 0 0 0 0 0 1 5 4 0 4 3 9 7 37 13 33 6 4 0 1 0 0 0 0 1 0 9 141 156 10986 0 73952 7450 612 7116 28 673 11 299
0 0 0 0 0 0 0 0 0 0 0 0 0 0 0 0 0 0 0 0 2 7 1 3 2 22 4 0 0 0 0 0 0 0 0 0 4 32 0 8324 464 9355 17 0 0 1 0 2
0 0 0 0 0 0 0 0 0 0 0 0 0 0 0 0 1 3 1 3 3 0 6 1 20 3 1 0 0 0 0 0 0 1 0 2 11 47 124 135 10308 0 71076 6598 513 7220 8 877
0 0 0 0 0 0 0 0 0 0 0 0 0 0 0 0 0 0 0 0 0 2 6 0 0 1 0 0 0 0 0 0 0 0 0 0 0 0 3 21 0 7651 43 9814 8 1 1 1
0 0 0 0 0 0 0 0 0 0 0 0 0 0 0 0 0 0 0 1 2 0 0 0 5 3 0 0 0 0 0 0 0 1 0 0 8 1 4 22 110 114 9603 0 68432 6040 545 6980
0 0 0 0 0 0 0 0 0 0 0 0 0 0 0 0 0 0 0 0 0 1 1 1 0 0 0 0 0 0 0 0 0 0 0 0 0 0 0 0 2 11 0 7725 9 10471 6 0
0 0 0 0 0 0 0 0 0 0 0 0 0 0 0 0 0 1 0 0 0 0 0 0 0 0 0 0 0 0 0 0 0 0 0 0 1 0 0 0 3 10 53 81 9184 0 68229 4102
0 0 0 0 0 0 0 0 0 0 0 0 0 0 0 0 0 0 0 0 3 0 0 0 0 0 0 0 0 0 0 0 0 0 0 0 0 0 0 2 0 1 2 5 0 7408 6 12203
0 0 0 0 0 0 0 0 0 0 0 0 0 0 0 0 0 0 0 0 0 0 0 0 0 0 0 0 0 0 0 0 0 0 0 0 0 0 0 0 0 0 0 0 3 0 8752 0
0 0 0 0 0 0 0 0 0 0 0 0 0 0 0 0 0 0 0 0 0 1 0 0 0 0 0 0 0 0 0 0 0 0 0 0 0 0 0 0 0 0 0 0 0 1 0 7433